Requests 10
Pickup_Coordinate_X,Pickup_Coordinate_Y,Dropoff_Coordinate_X,Dropoff_Coordinate_Y,Demand
2.860538216605156,9.58105566519,7.703129322188779,9.868700030924629,2.0677507176847274
2.081654619047212,1.3691704884382816,9.083738022899002,0.6863851797712028,1.7026822121974163
0.7533272233965715,5.435346894873128,0.89399716518068,3.823932675263133,1.968826320863762
6.685604396811186,4.291690225618433,0.43956307486403334,1.9428598874902059,0.18531394084567115
4.4665948397277075,0.6257327810201052,2.9756728201516855,9.43630899917515,1.12312232660198
2.8281107576109745,2.676935465528436,4.072190041343883,8.259904029529642,0.6850108019048496
5.0670066319212825,2.694753810459143,3.401882874191935,9.744718514900727,1.315381842584365
1.8430457912036158,2.4227217262551894,6.904593137000275,3.839352764141929,0.9244881040057071
4.614424528960534,6.752249870445536,0.8573060385252651,2.340166472858205,0.47739616052076755
5.224588782237448,0.6911667553449807,0.902366982883851,0.8396785798333539,0.8121790989636005
