Requests 10
Pickup_Coordinate_X,Pickup_Coordinate_Y,Dropoff_Coordinate_X,Dropoff_Coordinate_Y,Demand
7.290137422891191,5.612396023276411,1.2496709200924094,3.9759236870011714,1.4891723847683458
7.813082062734761,5.109929816531132,1.8269335841582501,8.535128752488529,2.243709731751785
9.553718926348093,9.84213468251779,1.9270097382736828,9.707951013702171,0.13432780285583168
2.348083546014429,0.2635384850987066,9.460603430969556,9.217248520209468,1.423686719892788
2.9397576781198054,1.6627370219902426,3.954228398324262,5.106697347551295,12.913308614963134
3.0803722849072956,4.295688335919376,8.300694056510926,5.623935714727825,0.7195561719314194
8.308883102128613,9.969292910846324,3.325788051937316,0.910081263870145,0.35476032519494793
7.738315585888532,1.4938373050037634,7.253550596479207,9.55146434317587,34.99108547386
0.7309577476596008,4.471627509288522,8.411180677774666,1.4553966765260151,0.5220306001571277
7.652715360148557,7.817849180644973,6.750785452784198,1.3170218598547412,1.5292998646003124
