Requests 10
Pickup_Coordinate_X,Pickup_Coordinate_Y,Dropoff_Coordinate_X,Dropoff_Coordinate_Y,Demand
9.16109896448181,6.166992139298233,4.629740900711246,5.5484910351225185,0.6820229958634928
16.344696238053398,2.2269327218499635,12.52874457908505,5.5357577327302865,1.2394737611771411
13.643493483769905,13.57941567821486,15.934348371754856,0.9160432504546612,0.7788295215186144
18.251965488207368,4.276319726741333,6.072746025450324,19.781272469006772,1.887622861934008
3.7176300584225785,19.77449670822323,15.001684627439305,4.44772090228684,0.534384706428536
2.9580781665946287,10.315805502229203,7.885166371469383,1.3976025074441845,1.3704281966624967
6.7645154038794075,0.22074442580282128,15.350557161220365,17.494442609123166,2.1180261253623494
10.671886414311412,1.6882549905717736,16.486623914459415,10.091623900207122,1.540988194668751
17.632372537873284,3.480925696253292,8.059157726903114,16.642530881729087,0.27272323417843125
19.573249435394775,12.383295304096078,17.398413106514624,4.977538001606792,1.73907416507618
