Requests 10
Pickup_Coordinate_X,Pickup_Coordinate_Y,Dropoff_Coordinate_X,Dropoff_Coordinate_Y,Demand
4.970202548754599,8.999508421015909,8.218816059930816,5.205993817737998,0.7736477289764648
17.40791376693899,3.7007985432380996,0.3932285086008802,19.065040630074243,0.07197659597025959
13.609016094620785,9.731762531010556,19.30053639731908,7.867974782432667,1.660678933314594
1.5911514257378845,7.028148488275924,3.272703252101905,19.663336420677954,0.5476256782270779
17.612563684304828,9.881269362231269,8.019184822369569,9.025829260175264,0.310194679048923
14.417536970077924,4.955365688734126,12.45559904808302,2.848976317308576,0.3690313269087051
4.023525649438295,1.6243545889738265,19.06944589618252,1.1147653928434087,1.1352875004604763
11.990729669108699,14.45995260986965,19.40579438729644,16.431389148243383,0.8895353114653273
10.551021348787222,6.629534590873352,7.079643911815978,1.580606025157445,0.4271954842726414
11.118287608507721,3.315889257794775,5.904756620817824,16.81216970317278,0.20198831813264673
