Requests 10
Pickup_Coordinate_X,Pickup_Coordinate_Y,Dropoff_Coordinate_X,Dropoff_Coordinate_Y,Demand
0.7712336176281931,15.602009210493499,1.8540751066826666,12.657853729689545,0.2465048057695202
0.2778169664043739,18.723170721698466,8.531487634710668,5.061729015162603,12.199060254305463
3.7993061258733984,8.296492658735428,0.26841219478805023,12.96945569646381,1.587024065895702
17.387374918980683,12.180714068954398,16.15985637763291,16.53022660838666,0.5074279552686962
5.4336666747660285,16.72952881788886,5.650827198576829,2.7661720525997002,1.1624949450251267
14.294405477969045,9.45073215089279,11.131769617447212,7.711511465192831,0.07754265750935897
18.82293320113557,1.6238135096559247,18.345349684920368,3.1386885063630143,0.3397589809775492
8.882949731133728,4.242120862749941,3.4938631743742232,10.295961033865504,0.07601260059258723
17.857950760570183,18.473621347847498,16.71957104546464,9.993145855416966,1.9395516379412594
16.419278207991127,18.68776321182746,15.8962374740853,9.231702043665972,1.8320091472050628
