Requests 10
Pickup_Coordinate_X,Pickup_Coordinate_Y,Dropoff_Coordinate_X,Dropoff_Coordinate_Y,Demand
4.350620683136059,2.9113846433627986,1.3941947035053452,0.9295561604508962,1.4638368997190223
2.055500639625566,0.5868777356735777,3.4248437218706753,2.188055298298252,1.1900559350393782
2.781146625859851,1.8354016080966196,2.0118286440710142,0.5652035034719816,60.32279883025889
2.2351542313374466,2.9272255825551783,0.8099255192246912,2.603593940263418,1.1630934938080126
1.6302556306891276,3.495931189722205,1.8319727445814182,4.181872541330276,1.456696979569374
2.4067147162375866,2.582511489959305,1.9152406408468452,4.9877044793879035,1.7399227990962234
2.571222441258895,2.7952663716423536,0.17224884054285738,3.599650131836673,0.7514694775235374
2.105017738036212,2.184675626461244,1.4085037689449031,4.501371690283564,1.15591369037582
3.34806139053601,2.2803437524426085,1.4490217238611802,2.6290948173236095,1.366813212234286
2.796210307507809,3.7264191589024307,4.141731267866517,4.118472259625246,0.9425476643995765
