Requests 10
Pickup_Coordinate_X,Pickup_Coordinate_Y,Dropoff_Coordinate_X,Dropoff_Coordinate_Y,Demand
1.5396747631248542,2.596957396526504,3.841488307689867,3.9461036808542986,1.9393595640768393
4.352810312379117,0.9396069581103444,1.3475262280845912,2.480960704939306,0.8043583220189677
3.6956087355685536,0.9747599582082028,0.8987262336295598,2.694131292875767,62.87083356345808
1.4138280230548879,3.8046993473104935,1.348464708229737,1.4675975465700257,5.619363181491962
4.812027558063872,4.56607163085555,2.8408742270288796,2.427461770017646,52.88043615736014
3.2685218532429254,2.683146992646873,4.978694487002098,0.7099123194071832,0.23565948316588553
4.876708182868632,3.0977873700132044,3.602431038524872,1.475317856877859,1.7086750028187307
3.000659827850414,3.7531773602893286,3.2068308732024366,4.6164972975902145,54.23495643907359
4.443651207013514,3.2233567625835082,1.4782120503089828,3.412968564160932,1.162346549843736
1.384986339891413,0.6321497684269883,2.84958635552323,2.0452974712812315,1.1877542876315481
