Requests 100
Pickup_Coordinate_X,Pickup_Coordinate_Y,Dropoff_Coordinate_X,Dropoff_Coordinate_Y,Demand
26.103724098816357,17.468307860176793,8.365168221032071,5.5773369627053775,1.3107884467541222
12.333003837753395,3.5212664140414662,20.54906233122405,13.128331789789513,2.1993159587703084
16.686879755159108,11.012409648579718,12.070971864426085,3.3912210208318894,1.1599578712745784
13.41092538802468,17.56335349533107,4.859553115348147,15.621563641580508,61.622464950941506
9.781533784134766,20.975587138333232,10.99183646748851,25.091235247981658,1.5386668163793844
14.440288297425521,15.495068939755829,11.491443845081072,29.926226876327423,0.8958275910107242
15.427334647553367,16.77159822985412,1.0334930432571443,21.597900791020038,1.397475871472671
12.630106428217271,13.108053758767467,8.45102261366942,27.008230141701386,41.983671210505356
20.08836834321606,13.682062514655652,8.694130343167082,15.774568903941656,1.0839890240166508
16.77726184504685,22.358514953414584,24.850387607199103,24.710833557751474,1.8625907989949955
2.3142095963757603,19.345862110824083,9.277727569096415,15.72761147629134,0.8033056375592643
28.742770126024254,26.496028676521625,8.862956704070697,15.371279653850387,0.9895691745090879
2.6610725305284832,19.251501932634902,3.9726166113485597,22.994574437395023,0.36221940711766504
2.302267206051505,9.931314680927807,20.39554761549532,15.276392383821412,0.5609866374128754
19.65438420739759,18.063610734373825,21.571636726459992,12.456577062549469,2.1248209768379698
11.896248875959817,24.75416891574518,21.376552609764097,2.9381145644030404,1.0632260858194604
25.264627757126448,13.224632630687971,11.219677328037443,27.410274591442697,66.4518935499432
16.433340502773394,7.558117885818141,0.8242182412314059,6.187718988412208,1.9639691016067269
17.726560844325995,4.909545840358255,25.107844917629063,23.25609513394607,54.631516869622
5.071243691935692,23.009829878508434,10.060975472046719,14.171938643625007,0.7941985037212573
6.451931132201045,27.36281998044673,22.776229543252274,20.296840730177323,1.7935655749161854
0.6412884409863817,19.82622980681564,2.83318771124355,24.93487709357859,34.136956635181726
3.3824712720000347,17.004888280799644,5.238782603346797,23.71819887159256,0.08186886239290864
1.0104839634218699,23.879135470775925,20.683118187013196,14.755369910710586,2.244630363647071
2.6566130910181505,28.126507876882005,2.5308667885664073,14.081810099727651,1.1998275570081696
24.168379453562707,2.5693935927172284,7.331385480730647,26.784167592332746,0.48706324324469324
14.358332419909912,5.712020287738483,7.591326986967899,22.87017743074922,1.9599432013243772
28.75620716562608,22.869525700010968,9.600213793646997,23.74744216636774,0.6581719207521837
14.685631449551448,8.890520534984866,18.058836230018255,6.658526311840013,1.1624875824598742
11.582178627731244,0.19792992603980708,10.745239127824467,5.901429970684326,1.9949641458360081
12.288653074726184,3.286849270034069,2.571093701135141,22.427865111935557,1.8950856922335482
5.49029538471841,0.45262172715498594,27.412535616616953,27.77821613028098,0.9936988193153895
17.486111312806898,9.378586492423512,29.948027040359698,4.500421524715547,1.7216211430446922
29.834444168724968,3.748919705423935,10.531639242135554,15.931749740233284,0.5109087923017416
9.70810915571539,24.192521033207008,28.809577788923797,16.18423292917832,2.02162314761198
14.97975832377025,24.03371721415107,23.912968558199285,3.5959886089199147,1.2966898598093517
7.379575697990223,18.80349264808929,11.317507714675422,1.9037227779830046,2.019100166500604
11.195958920435363,2.223475566771035,1.3332596120219065,8.790356434040604,0.23691294864259374
22.63627563554896,28.59742264217249,17.66245568175477,29.638208012011667,30.73671684266586
5.942234936062163,1.2890634654631894,11.511126049766606,23.428242855461693,1.8986904274960852
22.89352329853183,25.927259193338788,16.117197118603897,15.800300871851945,1.1156464422192878
24.478709104114934,3.8736341538977737,21.60838607017037,2.0049399436776905,1.7541473403943746
0.4602271718580042,16.3861210484998,2.7656672589874356,5.151131384038321,0.3661907123845861
10.008118484002772,3.5015750442248983,16.87760110618431,12.327940976822639,61.63754355739264
8.575250763906851,11.944416146934346,12.816373289529592,26.574768950460626,25.628119481482926
13.111540299225954,18.511809301970665,1.6596440401417845,27.85631330746302,1.5981087016667965
22.717781390505987,29.27642157441154,7.549765459279806,29.04448113403901,0.06550970140980483
4.199062264863959,21.354396639784177,2.0752980480090444,18.151173879021492,3.2313319761731685
1.785746681501702,10.88661361473114,7.754205437060052,0.7838095338196827,0.32731692570920645
21.97739225628328,13.543756454661608,25.8957004616017,15.897718740117824,1.9044635082460066
25.468975209012054,9.583068152353114,9.587947912602765,7.809670341373895,0.6306486728208363
12.749649915718415,26.771021499317772,14.39118551104336,10.457140630426268,29.558690290332475
20.464598373050002,4.860328669991674,28.465078302726877,14.12975304905488,1.7631172858134518
24.592099467490822,2.125664588633022,3.192408700074635,15.230940471804422,0.19442639307635443
12.949163692178072,11.80443684813762,13.915671513488302,14.644126410642633,1.888864654921488
9.520936309135758,16.110591435594948,22.809063073127188,25.984227796441104,0.7707744948356222
23.96180494466927,0.8444219218737925,15.770774131525275,20.118009330101508,1.3175555460354245
11.25644522021225,2.2561045624097122,20.071935154014568,17.709910341665204,0.7230797727974185
22.03890050685267,11.008382460104267,0.22590466034923762,8.679011278901779,1.5305712323124692
12.070816704581077,18.867822043487166,13.515077852748226,13.609529245174523,39.70838679712187
0.6029874477132635,28.87537573409629,20.591440631742266,13.851485977674017,1.9532204229968289
7.70019064022971,12.640367142262415,12.57572448466554,16.542191132060914,0.9953501912470524
19.741438548086553,8.35032478247647,7.40153747575979,19.444308774610054,1.2643908694172135
0.9963261459356354,26.402748665220713,12.043840082454476,24.666503752973878,1.5992511185576832
22.168339030337627,22.46358218923583,1.8243940175512718,28.960946112704914,41.12990060896465
19.429302205267827,20.366307417884176,10.6636515747484,4.9448282088782936,1.228415534753803
1.2247192044601518,16.40564145473699,29.882280855930716,15.385757561197163,8.61516459842856
19.398430078930488,17.286338560746042,28.25863375900542,17.481100837782712,54.73326825793086
14.524601358561586,12.240842086582223,4.085843573172362,4.7564066270339564,1.277979975281202
24.894907186392736,5.322857359582596,7.296822546016285,6.174455449574181,49.019778673042026
23.995914361452183,13.934338699022677,0.6428937581947425,8.220976764290231,0.44421299529259867
3.8291592208481404,17.92696904344366,12.594238593647106,7.945155885492046,2.2460667241233554
4.716535047195586,12.644019210004377,26.139943695685968,13.4553078752505,0.8778866292891133
22.993726833898197,18.165280651670873,22.78521127170374,13.583834327449448,2.2105640398455333
21.4931232046187,22.747761580638777,5.437919065016139,9.172736627998601,1.305116132743404
15.13325651636644,0.6307108705886044,13.602004027739003,13.423056711851812,0.14012133612751967
19.80644348680042,4.814292690211324,24.22282741416069,14.26362540559872,0.49058034170292164
9.101234526518443,9.138053572399645,16.85511726472547,28.57814812895607,0.8849366860098071
16.285403199729505,22.09482739038572,22.279148421419396,29.28359857884819,0.18703840296448576
11.07707618793649,28.064617038684805,17.58708281975491,27.796961843631106,1.8785842219108717
27.506652454845895,7.2835630921315335,3.323839195664846,6.875973136061498,1.4946499681109267
22.837940099654617,16.72520557589601,23.24975403420151,18.673092355800705,2.2111109776989926
1.6450463027911233,1.1523014014849264,27.224109248068352,26.33036572773587,42.469927632866444
22.032868740893473,28.716019347983377,2.4467728908537847,16.296188858761834,1.6768402573292143
6.458363144777154,20.61945946304882,15.976770367238347,4.051428782055215,0.9580200111778735
14.062539740833287,12.157948378413488,19.7591214505153,13.591968331814954,1.9504289779650266
24.202086083385602,29.778205242469056,2.7983319980037233,24.813989506386466,0.8223583174355625
10.976622583361229,27.73061494266896,18.487581388540313,12.24610073677418,1.346350610184138
9.160558573032331,13.753934420434899,16.47368837019683,19.81921096452784,1.903643382522998
25.36077280232154,16.71208822427125,26.87025772382005,16.385375578296955,1.3353085820594015
24.57475983883722,16.14562137825308,15.323693995464291,24.184641799476754,1.9764519998359646
11.565444277934477,4.907324502540308,13.289751723044422,17.280255344511644,1.6802750057306703
2.8158996835073236,20.21733055212474,4.488907290688918,4.620339979968968,0.9136290605554871
16.22257321326004,29.635105876808396,13.239229175944562,24.32413327460424,1.123335467194638
7.884150702682381,7.83549270929862,28.3464198268377,5.053373448422629,0.19933680373593055
10.284664279304076,15.052272097333805,26.127360354856215,18.766447834930695,1.45684301578287
16.426305605292892,8.720084030484067,18.509321650659885,22.380951675473025,2.067807922682261
27.934462229126154,6.726189108878539,2.4324002310207304,5.523894336720422,60.95560261165205
4.154666727423546,14.390994193878504,15.340011389089597,28.51850941611941,1.8278501380708452
23.875536585952357,24.06362491410321,7.048209284246337,2.017649109117061,1.912858472309384
