Requests 100
Pickup_Coordinate_X,Pickup_Coordinate_Y,Dropoff_Coordinate_X,Dropoff_Coordinate_Y,Demand
25.7657414427334,15.229939585404662,26.521916213426742,6.546029044110133,0.777116188169883
38.50431254697275,13.866473615190626,39.67003969174431,9.402315824225823,6.073114426431924
23.427770740866308,16.26760406500803,5.449372880761878,21.765451505527192,0.6451368374282695
20.727053873033817,30.674204251940218,37.35400573274319,3.5881353114370995,0.2585078974763707
7.830850270801002,39.76774737189446,9.407219904679556,9.559454877706042,2.2073579869042295
25.16399323308808,29.39810306572558,27.53377532268815,1.2452299367050879,1.0583908703549452
36.1005537299414,11.45741311649417,22.22450255224438,15.056809781181727,8.213290602773663
1.0649745909245745,19.765964861888186,33.38860373973659,14.679493200410105,0.5310138555548815
20.615284489636323,18.895165017011195,15.446083538273893,29.765480177611824,1.1269340520289668
13.4096831866482,23.817531528041144,12.645335276330156,13.850016957125813,0.9432569760060072
9.793272338283323,27.91800659928004,8.483233255656582,10.691726733058378,1.0823162846419119
14.955763148701116,22.92354027131737,36.694323148752055,32.75903747019663,47.31650330004209
6.527235694378071,0.9661907941948833,31.386145086513537,10.594295158287945,15.24753600694046
13.574682254053702,32.574783404425325,32.29818863440208,19.742465471957424,10.398924748727485
33.812497755342854,14.607599375600952,1.9132359660572273,10.565831455889407,1.11280886240332
18.554686404741542,27.73420237988283,12.537470136034354,18.501471540752927,1.1927462053207973
32.78750610743331,27.379641003987114,12.961352952226513,23.07247996598352,1.6434960948889243
25.305999351655018,23.858466702661637,5.5130751781127785,24.72004095313594,0.11717563365120004
19.73854772081983,5.744484991144598,1.2328756504678484,37.56622911131557,1.5183604400011461
10.273508609853362,2.285384120361078,15.508328978397735,14.283869900656141,1.9288755926283714
39.45536571940639,37.58362549040798,23.311008942785023,39.72412535105696,0.9927968768433877
39.596580021651874,34.60225496490029,6.46872913967822,14.739609619255724,51.98684405368868
12.269066394122978,13.634529719048656,11.61910990613482,25.514562911813318,1.9009808241517419
2.0261601165786347,37.40737242926188,1.0337934749409161,21.265562089459795,0.35986485927155915
2.8641517847519227,27.659777545696954,4.683500472983577,7.740500306651525,0.111878989255195
36.49525985617321,12.428496574497427,12.625700140003918,32.28120446978524,0.3618265892389128
16.39842297760263,20.477734371243912,6.064251932330094,5.374010974980199,19.177855585293813
0.6182420460327398,15.160529660894731,3.865979820051715,17.6874638390709,63.918865261527245
8.66673259071205,33.07609439078861,27.191429333640805,10.77719564730613,0.6826092733215393
38.27651112326285,39.33569030023933,11.871105413315618,24.77945794798945,0.9273909491424742
6.8356489312972935,4.065663143067386,36.12185245352754,1.962366884847686,0.9031766882898824
5.8309019279438346,15.970979355652432,23.651261127158698,27.09392079968986,2.1364403072284763
39.54634164134477,13.870034188327054,11.455833212926168,28.206872353084474,0.6249489706637552
17.15232865819763,32.80369317793025,34.776782134401344,31.213913469539687,0.13077387088187076
8.25934565963713,34.060683577432236,14.733388958330206,36.010247656844136,0.5242368926217399
11.756442937970109,25.525131770676097,31.576424015982553,9.165196081103254,1.0997171977347495
28.902857331573838,11.031642886778537,2.0172300958389355,1.2426689705366023,0.8059900545420519
27.879259384239816,30.893106493500646,34.3902139751133,9.789490229266082,0.00732689024886922
1.7577737423885154,38.03893056338146,33.979126652928485,31.167714970035494,1.0251966082968094
16.00768429131024,10.148465304840917,19.78635679026418,21.978823275276106,2.021335117616899
6.96780301297657,37.181119209455936,7.223595295310359,11.032262159931152,0.037541299279087434
10.680475847713652,34.99705370553975,33.58810866287735,31.568541732600078,0.5476226578014332
27.82693160132185,34.67121695865136,21.5124324695463,12.180450547812232,1.2329291327198688
34.76738513741497,26.988497051287844,7.88427252532804,31.600460024366875,67.64141222293514
7.808061013963159,22.043222909000484,21.944502704287885,28.514886075397392,16.624876971823625
33.81526758043844,34.12359409586624,6.962881922685131,11.623363911412845,10.719414551288041
31.422532441350977,34.220673341099314,11.123421453064882,12.383528442263954,20.698308990251633
12.850883992641723,2.4149149967319827,38.91907637298,30.807169789018346,1.5559478148368182
13.492159170413704,0.939650042602409,24.84925906235397,25.939853578932002,1.6904522874129355
15.019571803991308,1.4508930717827262,34.476315471324284,1.9082483398626238,0.37301233098966374
17.156237884177926,39.896438490485224,27.700080567946376,20.910072329228523,0.31514255537735986
25.758096955913423,5.482095386362271,26.00095136117981,21.72110963447347,0.5101272314844675
38.603099039526924,17.62156716463634,9.821993697341957,1.1115652863961856,0.38609912584487066
29.17824496662933,5.26706143004001,13.33100167270521,2.6000388936803454,1.2175003795808212
15.00841405091851,3.8690339345628866,17.99471688946636,23.108260262610646,0.9531333593321359
33.710933789422974,14.623075773992014,11.579457420207945,15.181037230832079,55.93234780537683
27.3978873158745,20.218387271072785,34.051661619582816,30.44390945475587,1.0473756277772224
8.194421077799294,3.011168483869664,39.15511168940043,28.080837587267553,0.5509018146750254
4.509456538828895,39.377919580822045,20.145701902015468,2.103047555178952,1.4508625484262108
23.308454459957865,16.59167826362024,15.707725626704732,0.6909090124731376,2.209839112448165
32.63220931158544,37.48532500310164,28.924194730053593,4.895321317851722,1.9157073501876742
18.468157428551073,25.959954548370384,18.283442780730255,24.96683794548604,0.3537388927717977
20.703072762013676,7.7329071956452955,26.041600065280118,17.591430927106764,0.42471687282087084
14.806980118154517,4.957284446374786,8.033390758389034,37.13591042509202,0.19170438846526305
14.348325148804637,15.65723937624865,24.35811863267999,28.844707620697392,28.263919097641413
27.92218309323264,4.809701277747811,25.734462976488214,32.98933144118187,0.8560797050719476
29.465890587034398,6.662887108024589,10.623933449277775,39.32535762571263,0.39338227199340114
13.270081721926905,21.700482519026806,3.549521367705206,27.025998959627625,0.6739143748422529
35.912432818420776,1.6041293732361916,5.526236700008305,27.26320183916029,34.829407143745016
24.21483980971004,1.7077313911335734,18.177607636619687,39.496932584566494,0.6507031683093684
1.8192627386153726,32.781736502445014,9.979866712115658,29.733577595589846,2.050046628751651
27.705086651605487,13.423781831054802,7.549435304456975,33.50773419668112,0.6467429459798916
25.852491704197824,6.641165408838159,36.245063282670564,28.69609521355705,0.5163389680430501
20.20549788402898,4.254246566672908,0.7702046685940411,19.26108370280864,0.3087133889067846
12.6486634264872,7.212569238492361,19.984368556062705,10.753303739820176,0.7568199720576354
5.247848369366368,8.098571264348614,21.706938926102104,6.794769279684205,1.8462480002020853
10.416415409674563,28.686106979014365,6.40787498081953,26.837859048948086,0.6344425187235009
23.79032899688027,0.14561853080058196,8.151736573373892,22.095837396889344,1.8158297876016853
37.37107780333466,27.702234385995563,19.111590085415088,31.079478680101772,1.8542670211910914
38.75162990981459,2.1522555882521166,21.092908327297316,5.775294245791014,1.0298999584067232
26.463515789146037,1.324149331369684,15.241249069761222,22.878630806869555,1.067228696448105
18.58968566836015,33.29698580698165,11.870749372292511,14.063579795198562,1.353761047550773
39.9576856784591,25.84405915280431,31.619565159967213,15.803019954622606,1.1649894645719392
11.088608493461095,32.15405021639852,28.322698645358155,1.6793635315858824,1.7621871823980277
2.61784081159945,0.3144842581016638,38.100200641978724,3.4532726582017625,35.89323992864154
8.547263706826422,2.064822898053471,22.51021521511527,20.35958584176042,0.24787918448374144
39.042815981759006,28.49886644384152,35.22989654030798,0.4126033658172501,0.6299489492861262
28.70635768671513,4.727392919383551,36.502418761156726,22.893523978584124,1.5537673239756318
13.933936136639034,28.653686209953687,27.312341984774008,22.916391014502892,0.6683863581861256
32.53160376089985,31.07658818826519,38.840196680920535,31.63218957602567,1.5064399963504056
3.3034293907475076,26.578145595343862,11.022783963172639,26.39147692489349,0.6615265411919665
13.784033744694417,8.280522201065565,10.033965031492391,9.029076753212104,1.2230650800199427
39.81571946937959,27.03576516782942,37.66201787092229,5.5965908605487025,1.006547160260671
20.004957526876996,4.686666659513694,11.709701830502045,32.74413258768108,1.503151260251575
33.20177365534233,29.849784792628892,12.98831884375533,2.092207455763986,0.6266430551019218
28.638659801880443,20.604055941064715,39.44158323854551,4.984869764271469,0.8017897044342931
24.00469360437265,17.949092426033992,28.48274343058921,2.3633502814675733,1.6131001447339912
33.8249298178289,39.2929402403656,10.455053465874569,20.880506091166374,0.3923610537256453
29.479985934576316,23.993320185008294,36.8981280719605,3.3538309784429465,0.4493825337735958
37.00431398852528,19.881014640907637,37.16936184459742,1.168569243277,60.43219322813249
