Requests 100
Pickup_Coordinate_X,Pickup_Coordinate_Y,Dropoff_Coordinate_X,Dropoff_Coordinate_Y,Demand
4.1692107471768525,9.633621235267318,8.410760706287494,17.18363997042688,1.0357876549318505
3.423231072233466,6.777279212074008,5.4106566659566235,13.820827008991923,0.09147546397665782
4.408090332754513,16.239018410773735,0.21053748632216873,11.224073933259994,0.13779774929321686
16.274523748303928,14.902005921176713,3.78222710521124,0.12281732692196456,2.1000329434224843
15.440877428890724,19.156643361865505,14.038757681886223,5.951565337301011,2.1955321495333147
15.359854839111819,13.764366497852283,7.743669607620445,12.304116501861124,0.039105373352693394
8.551104796886813,11.685792863137898,14.052710377309038,2.237903437673534,1.7780110845170365
18.46539851688901,19.777725477266316,13.5482154697608,15.903295509153057,0.6348254526889826
0.5815269867617978,3.5551814207144927,17.49855490555434,14.898641547372357,0.449949921214336
10.161803264563432,2.5666780365553676,9.685684769062174,10.31546975699063,0.07591098007969405
6.225293268487688,0.9132308519758103,8.753613201641992,1.917692198360823,0.5551405223463287
0.9042022381538706,13.696574373342557,16.983814904151583,2.50414366386724,1.71496348925693
2.581280144236724,9.461200041513129,3.9511701833067825,15.632454976538522,1.5594611691624636
12.148277262839834,8.870001885538175,19.64058217159807,14.179108276122639,2.0028964445906006
4.374608308439871,3.3497659628515652,10.775309461993741,6.268415764625573,47.83598512798692
18.23073994770755,1.7251135953848395,6.281480596932272,4.382747237286717,0.8418342035511294
14.733324590352623,16.570807298940903,14.891289259050183,3.5507407587209427,1.2384634094727625
17.1690639170746,0.11024823807181283,7.152863394826157,19.06296497869709,1.4439967498089568
18.83552772160406,0.4609802535425822,13.460319940543279,3.2822866687800256,12.956395192192938
11.362647406109243,4.842459133995769,3.157118283369844,10.071256430315847,2.099423658002705
11.435902928564683,9.39904826610306,10.16334480975403,6.4750321982335795,1.6871225978067128
17.72996710520204,5.036710215897906,17.241756249245324,12.703923790549807,0.09333012458860789
13.944463599040631,0.6090718735129119,13.146226051922751,19.986448432779014,1.7185744004207204
10.13090951086689,18.652915031882035,8.816057370214123,4.000573029559005,1.0202649808008735
16.07707136421609,16.15344118436452,1.1590574314462243,15.806120700376994,1.7513309233034937
9.000833573557216,17.02421593056151,7.248337284647823,4.048552527692628,1.68950497685064
17.443788789925975,12.054159956044543,16.637054750311325,0.5746525237768862,0.0373573942494371
14.085932412034516,15.25991823285638,7.918743659174099,3.8687252482246115,0.5464036192121691
3.3784616110823085,17.789916761547243,14.618841761649646,17.74388074307648,0.5862188278748592
5.340887332356868,13.276386959977891,8.699740939019483,10.293370084216054,2.0348212253249156
11.307960709786114,0.690300342388912,17.447728221734312,7.001508595506223,0.037192550609796114
10.778026858108802,0.14817735982186386,0.9791093150255814,18.666035893115364,1.4852945298538938
4.242057097842366,14.496813835568629,7.961103140367838,14.721614689166662,11.481176828523854
13.022753347990093,18.50070642774915,12.28217085378073,0.7418419897935968,2.2579365469765724
2.3115276132327733,15.12888466050985,9.035576486981597,12.093500886781246,9.984451823180468
17.274121100314566,10.007629250824097,16.338998298900332,12.98277626005104,3.5213143300680287
9.171832498713165,4.579301182181689,16.724945761664177,10.207658244392945,0.9440909547234037
0.5343380349677362,3.0923371201475702,18.173632924179127,0.7051374023586976,1.6402826815095588
9.431196495647239,1.5776318264676714,10.797097691787116,13.902777198086989,0.37528878978533964
1.0392820828421612,18.77114568760613,8.617666959020083,19.431271707018766,1.6942266234012802
7.529866078561822,11.56968963378705,5.5410161550125565,3.5783074070297327,0.24467395792900137
10.233085558513043,19.95628578112328,10.16654687218314,6.8009329112718735,21.67919734161955
3.7574071548726917,0.8703496328040772,11.081825584359965,9.67351887432841,10.881012617873038
17.185610981558458,8.158088364590618,5.224463901220686,19.96254056237333,1.2588630676594827
15.97102454283416,1.2547709167331034,6.316092303863751,1.655604323092239,0.13546866943700686
14.910332828568098,5.061986439139443,7.017972050011608,13.123917129593881,0.07224746464394594
16.692747203355935,14.432528669927919,8.117487317605006,15.528774023074037,1.0201200455008934
7.762404876959921,13.27034280537406,3.639828231333455,16.95191991902819,1.8672979409051504
16.672072199077434,9.286635195262743,4.500058267194431,0.1199900283953359,21.60981539753799
10.811943055750547,10.183951596847137,0.934339856325781,11.384705359259648,1.691477762303289
19.617329798865057,16.15212910584071,11.805235325394865,15.780215357453887,45.130348247768744
15.547863084937102,8.963018234116497,7.906361057129619,12.605809471199855,0.7843730828817892
1.9726622861995358,3.8157514919699054,1.7111111081222075,19.953686423584585,1.512774011365046
16.143289106838473,9.066371121036106,3.6111483184342053,0.08848114116847272,1.1332132122063316
13.626289694840633,8.855631637543361,19.119329059915145,10.667099444644975,2.16064082237563
2.679144853772273,12.77124714546375,0.6826637219458154,10.181961443239896,1.953474661316651
16.498038816142863,8.718174777805398,9.382103298469943,18.357816890238215,2.0446828509369683
14.472826974585022,11.182607388985343,1.4852365356205954,14.876797395961539,1.6549126337218358
6.82272100471863,17.14893264550352,12.311634729549288,8.79169419351592,1.304572403933522
12.450006299136358,2.6544609321494494,7.712957512768406,18.784200949065696,48.626627462844965
10.799937136441475,10.783045678758665,4.794292435604182,12.2247077131792,1.0607431465059762
3.8517852859322854,19.182805400430574,5.4054192171050115,11.592436051333072,0.2111723444655276
15.476705827624997,13.928524171364243,15.316281868743298,11.78165079363329,0.9092076156662379
2.3991725591242474,13.39659416248982,19.091761589293807,3.3706837334697703,1.4111084258970146
16.386322623358183,8.40116173001407,10.507848059126562,6.863741831919928,1.4088575850464862
11.461079887098276,9.237629373416006,8.8247424664168,9.23326985201799,1.5758772112701638
14.566618602221498,14.97789436152974,7.386440085099711,2.1696293055916582,1.435905052749137
8.819938770867209,4.664108705720251,11.875507973850642,18.549551211859413,1.5839829482924477
1.9799926083775454,1.5194419944392212,1.6948865829745707,7.749353365755023,1.5320960167939395
1.4581304724037758,1.6707285107330172,12.981830263823513,11.735021434758842,1.689348273698127
7.43300261236188,12.697613436811173,1.9007458650092346,11.96975473110964,0.8131794132402473
19.55403963926815,17.26957626335909,17.692185011136022,4.933689457744337,0.3444768827708647
19.966185829809625,8.182600257232682,2.831656429697016,1.709340199264584,0.9338991876635642
10.174918267969034,11.253141080676848,0.697986225347953,11.970191438210872,1.1377260025183364
1.6886857374491937,3.5476621904944516,5.725490258678372,11.874660787107736,1.4711177010480292
15.035195103051018,14.11944667065821,13.409456849179726,8.313786689986333,1.1234264228647066
9.475733213740158,11.859895239882064,7.0210584121240105,17.154506283843457,1.1283244970092947
16.095169400911967,6.187242208844223,3.9308322179345723,12.28770378434238,1.5530328886342801
3.352097251849089,19.224439062321284,19.819670959615486,0.7136686953977289,0.07567955546147684
1.6675328838817283,16.96444061598687,0.9011162746383117,1.7616178519152803,58.13199295582773
11.210192382944804,4.456929434034582,7.185445307297447,6.839813284955061,1.3596017905174462
1.2415086008580634,6.261618176173691,12.817231833876946,10.646593683165808,1.124484015625554
12.832767197060273,7.909996303162348,10.729790952712857,3.6622656447747293,0.5797866335773927
11.182527624502834,10.552866988760321,11.58858568282141,8.606079256274935,0.059827343103042364
19.46011720236505,0.24797083280998056,19.803741964337508,10.399725893142868,40.115426036319356
12.859010128293928,10.934983519226318,10.326180977239066,11.581035222169586,0.2160005190905878
3.2971741917163944,5.124569343390948,9.040344340183331,8.63216299547289,61.30267661404849
7.247937977970693,11.927215979288313,7.407981320316641,4.148232409989385,1.2644811947447925
4.180152640263457,5.460844594617664,6.470653264759456,3.8053371343497355,0.09899524094027617
12.113083620848643,14.13330657546144,1.532974594519274,12.547313628523577,0.7726658805565078
18.40858846644245,14.622237648031861,3.1307395598134136,1.624210383686857,0.7285226847210415
5.053866288884567,6.367085723887995,2.1771836616000972,13.552592415293141,1.2668851090064597
10.093936310508575,1.3210252039693327,2.2416867888274483,9.674937820781704,2.1207636153241753
10.938911215109428,14.60286577941688,18.345893705740245,8.340471013037371,0.37464788284289446
10.199857364119849,15.816056107060934,9.490666581002152,8.924958984320758,1.1184795090619104
19.406242563331773,6.819218125477997,19.630769179522837,2.060854390383713,0.13872754116105324
17.830657270217124,3.1023774669413773,11.860068741058988,14.985772874795249,35.953825110897604
17.738891811869117,7.729336322326324,15.934686783603507,6.47252820758392,0.49453902510365244
19.426848151903066,4.7402357309888,11.951073150099003,8.123739573767772,0.20900033739262722
17.957653123884462,17.951524257631657,17.954448995793648,8.843582236450162,2.0394237138823867
