Requests 150
Pickup_Coordinate_X,Pickup_Coordinate_Y,Dropoff_Coordinate_X,Dropoff_Coordinate_Y,Demand
20.55773375090761,30.926602083171872,34.81710742899251,0.3218779411927164,0.32577531464345444
12.389437020208165,38.30414957463564,20.524668490715484,12.731376994883945,2.095102422049343
21.567997497025925,8.850197697110396,32.2592543169708,13.690185024587374,0.32300852557992316
21.555553962685785,0.2349514220423332,26.926099127221015,8.400970487149525,2.11407132417231
37.302303715148476,14.969789979259684,30.096756883437855,30.525560073820877,1.828895431852803
34.819978210870005,4.404447130264066,12.003679215751353,18.99623063801874,1.4791772250811734
26.917468766663433,10.30369731682471,28.0460527889795,26.280002374970497,55.355382547332674
7.28031030847577,12.882519713164031,35.50149827683313,3.3339664419902704,0.6131274996948117
29.862564805616326,2.494001959339056,29.259245062909137,29.700454199741753,0.731965066558674
16.31663253806645,39.65531995593925,18.085491950335673,7.595141725116861,1.864101047428256
14.065058883975304,28.592466657010394,14.297414530070625,2.064742159803039,0.765814138016037
12.63676017407863,39.952184462599234,11.516194264692565,18.471834856632235,0.6419971889965238
29.41072443935893,37.747158029814386,7.016105706621749,8.496855036122671,1.7999321582393721
5.299104518022468,8.347247689899184,39.82751778174118,9.86583327669251,1.4245835302658334
4.402126344435313,20.09280953060022,18.244872608934507,29.379609157835272,1.0146272353997932
24.837741652891978,24.842809067552555,6.006905367841324,21.530981839400557,1.4092539440197949
4.813889740468031,6.121020880855852,18.007142272561016,17.162893888268353,0.056907932657769916
29.34648323352938,2.9428620024602825,11.151433190517665,6.611750983240272,1.1187125932981759
20.32352553842354,23.17004610326057,25.544317129099838,8.561028173580873,0.4045475177563479
16.70310593691721,18.672567223971953,3.3227686246887878,22.810916322049756,0.5880973799951762
9.140702506590754,1.429188791258622,38.581171128800285,2.9863978623112564,0.015322192688369375
29.219209634138352,20.105196944424865,3.704433391441042,20.957974174373547,0.7083633659356772
17.368718459179338,21.92065626817869,37.4002787320336,39.802012118277396,2.1512949426300154
26.492722951223854,14.165210883043361,17.56628056129346,31.020635061305267,0.3216433324565908
25.14762475208415,3.919636845825707,26.06344240291129,38.74464033405411,1.6230184440959354
9.478078682520605,15.70894988080466,3.306608586868096,32.94203201841935,1.523656814614355
11.579852151674999,6.5599232964284,6.5254020120457,11.118547710846162,60.41484198793019
0.2825009147465307,29.95022390628133,34.152595760227875,37.0280972978668,0.5970759259569657
12.085796472327157,18.965214456777968,29.612618714786425,26.02548891129162,1.385719051342394
10.70470889473901,15.570851231424122,36.20963515974585,29.23368666569724,1.9567767393712958
3.0498454160641097,8.251130807086767,35.53273542326474,16.508203797808147,3.1548757166185126
8.180439939151132,13.877254694876378,16.48795687044518,30.21138032912972,2.021615724671237
5.323362055269887,34.19284475266623,15.192327046282816,19.075120160334954,0.6202791058037977
5.206147882836332,10.887895058429127,37.83351886954956,18.974221067276478,1.3225503629539803
6.0970646923747385,22.08588140692909,24.82676820796768,33.96106360352211,1.7111947976227186
17.14275297980665,38.32347806158046,7.827616001010225,20.66357175952996,4.339920394077472
16.063768350816282,11.152654983423375,24.163579820182946,3.1868966775731478,0.8821795153962132
19.80591631309121,18.96287942034374,29.43221748505764,11.73825212093683,0.6277773736065914
8.68355493968236,8.22322461767234,39.28201430232433,18.11694802114616,50.1318696921713
38.34739876975132,35.84426238903335,17.636281470758853,16.398479576289446,33.53630041122233
26.43856688140586,37.35925353415024,32.18147900434414,18.979012100145912,0.47493132154056994
19.757744565305607,10.215800496603148,24.29976632849504,2.5307629204464144,0.43902737140036446
22.858938140449872,3.659169819380077,20.821365974321886,23.906096259441103,26.604818176046024
30.90565476531717,21.00448112621651,25.571005502040435,21.61467568361402,48.77584438842048
10.623297409512155,12.439139669443628,17.722845118339837,15.0738738272751,2.051843237333789
22.692735193376457,16.515006811988997,38.13607701404449,23.867160623774723,1.8143497929745938
18.96344108169052,39.819981541163656,9.015751071017748,18.172873903209656,25.799970715287383
17.367906433085288,30.422304529632093,22.86144725057364,27.522247267744472,1.388812234446193
16.47905765305818,8.696921123594962,5.874669843605416,10.188194993518088,1.7764966907370108
15.836639827523161,2.73776005520014,32.00134556045105,2.749130123205936,67.95123012687755
1.4918217740136086,7.971771237818981,8.891209410334673,10.58623806144292,1.811654007843534
0.580379800144839,15.409740638715789,27.308612124466034,3.933971331745343,2.1667561266166104
27.775764024236725,3.674805154205263,35.193934324551506,17.921437214263012,0.371755736341873
22.572409675271143,16.868719016326942,32.1226271510588,13.462532790022067,20.4253888746077
13.041660191948674,4.59764977967148,32.710264927262216,4.017972040258635,1.5847762672543464
3.828264604492251,27.88045977309031,37.539410505632354,3.944268209477677,0.7069675090111404
11.739079548759634,5.207377615060733,15.906967466314832,22.722356355604813,1.5008878305160507
33.19317938857063,17.13735673178273,31.06537150274719,15.892849856539586,0.5244932631194069
18.775435719548316,18.096607354976175,9.370910867571771,12.754027075228871,54.836723973042595
38.881962678437596,3.4604022021413527,25.28346176509163,5.701780381630237,1.0205882998236484
20.403405557161364,7.705817054162827,1.006278573822903,20.490456176785287,1.7269879663892183
17.776398967168436,26.872487102899328,9.861450812616951,38.6395363152359,0.4324967840916792
17.172086648146298,26.10815291033437,27.616265993515142,37.961887338407976,1.3701558460763301
26.815500186130894,7.317368431509785,26.00956617647853,32.50789398993692,0.830750855008546
33.625012178913764,18.585733012002123,26.7745782464412,36.84437967183865,0.747267742630682
19.800985938365198,18.414464187602114,38.36772341098337,39.506195178690945,0.1857878232561242
37.78593553633927,38.39774837502859,10.219316001544204,24.592034708644892,0.6490141320982717
19.71769918262987,19.190173297736855,13.39945757901733,18.402886728925182,2.0026455204838545
20.025148092256224,2.812725341996618,13.897577172929218,11.439111798050362,1.6310746149031174
14.716192366525412,33.273555045004784,21.2178595434994,8.368358786424817,1.0619421385854553
10.96058106552309,36.99469112690349,5.722827322004997,15.114767366402123,1.797648973448542
18.927933640641918,22.39115676349268,38.97491839411166,16.89306531367815,0.26292604678432296
13.298501611277839,33.215567545746204,38.50222214032709,2.4502837795377808,1.5852419790133385
39.71070581048479,29.3071276692147,7.365746773578468,4.474772583530324,1.8364177222350033
3.0071839669361156,24.679797193528522,12.689038530151478,21.091265427841066,1.8829930165390285
7.203143090287423,38.6884519871308,22.97954998414632,33.486084447064954,0.12366618275331544
13.347646935137188,36.29309824107883,17.984251363853453,16.02320625141749,0.27513050876966144
31.688853964361478,16.191295311921927,35.349206397894804,16.401187549104694,2.1105695178044988
3.8425165166797637,19.315028349045875,30.82804765803256,5.74629446692279,1.060519976243024
7.477627688509143,27.581689798955324,39.36561465799955,6.493000152151915,2.191430671532179
39.88465973944032,17.90273235133563,30.986799709098527,25.915957581641727,1.2823271590380483
38.645563165958656,33.981542843707345,14.706552539256034,11.90498903294269,2.018865894917339
22.22436836570013,17.422690576931675,9.974336472886636,20.112414353170486,1.0409706346400374
19.016864481054977,26.640485495051212,39.76221778587734,21.17117254256278,1.4192666416579498
39.343010674170735,33.292322236368946,14.122172087900893,21.943701679566168,2.190531216971776
36.41342647765565,14.419418665957764,8.804541875721794,38.588990035305024,1.4222124160848257
10.159689477192382,36.625765683191794,3.169590103771651,7.064879497267795,2.0349864264849664
29.674787704988887,38.395147520249985,11.533457259370742,16.495448943143032,0.01964406971499539
19.68144483566078,19.468288681011458,25.66428825697468,39.736367665255145,1.6574646936731292
26.565304195493027,38.12588917288534,22.598419392029882,2.3468398184663997,0.8913007284560087
20.060395567898578,28.34080159153812,21.8521067564958,19.73103052844102,0.34302649947602804
2.919408885362853,26.37946399126132,15.78248230933406,29.732828551605483,1.3518888213265334
37.81937972508554,26.50305382186009,16.83655295384112,28.986116283625293,0.27902715158242697
11.502324798858261,25.961966833180607,39.39134344648089,23.00268126441611,0.7161731361301135
24.846084966907075,21.0878971011509,18.740590779561046,39.95833640882057,0.949106320775616
7.050068282042812,5.205362374898064,28.48430352017713,35.11623495162686,0.6740713210388665
17.386204342736335,32.19876330586211,28.906283418566623,31.503782629951186,47.117819439162574
35.91547845543109,28.26673244803437,17.655315575735983,39.05681217884863,0.13277023326861848
8.45124382116412,19.76264001791673,18.309024387624415,5.011213156126,0.6270593782423561
39.53757393206513,2.5769906830644773,32.4555491272543,32.520709640914006,0.894363185281548
4.354379711591014,15.10544128082158,8.938582265902518,36.32839546279492,0.9269799645887246
26.373609796708656,8.650478666138168,18.401074561956463,35.48281580440388,0.010068941528641167
39.852931616921076,15.004877973635429,19.167192294286032,9.185426823458304,1.3827644382263828
7.872710391047062,20.16220396669237,19.162110063186564,39.03783029902343,1.9392129822296706
2.288868394990673,5.9644422452176915,11.240501655526911,32.32106184330255,0.6800257432595415
32.615136622311326,0.382178903955821,15.565830081411072,0.5541218509230195,1.3127952862867314
0.7164471185448873,32.30951349360436,11.003496943711099,28.495164048169062,0.4424174296404744
29.133316819662234,20.059973229038462,5.8645746200370885,17.65303790550845,1.178514009381739
26.5393283460331,30.11842033462554,1.6944928876660503,36.784524429547275,1.0232137742252962
36.529113892040904,4.452430732111883,19.86551349262651,11.054324146741049,0.9241252037020355
18.602368900887683,9.638298841917145,29.650148496504162,32.133245077485185,0.3566516562704639
14.0353033035043,12.581182493815373,9.723451592489711,2.3351059822529496,0.8590289025887795
22.68663107173042,31.5498167277349,10.450528254172449,0.5149503098131714,0.32376333817372904
21.921809835667766,0.8803470991578344,15.187031028177373,17.000880036824,59.88450689909897
21.53326543827807,10.056939701517646,26.140888515860414,7.379083072655264,1.4869015342233995
23.263884588051802,36.76503771080003,11.449109485873898,8.365871465381836,30.997602954504003
20.819478926122574,3.5554470318989573,22.017088462328964,34.32322730372658,2.033881309870849
21.417964728891803,27.666478974305942,10.524773998785854,16.308912198842663,2.094984059165122
12.264987893909808,15.094327418090385,36.661248591518124,35.42791732287028,1.036844856384818
13.421004169521824,37.90603821468121,22.586816877537434,27.14341451617086,2.129591577021329
8.964200903527978,29.03316320637841,30.292402876811117,6.837720438784309,45.52251547154886
3.278380220694732,22.595085675171205,27.04296180739878,2.8588322843821024,57.815525878427046
39.31540311793131,1.4160530343886846,37.019333993631165,2.0179824402676427,0.9286306169485224
28.26383227165982,34.824581875912685,7.728938217745034,5.206776288264203,0.9097775282148168
22.62916902196729,37.70762827831742,4.832784056040236,35.947663572609855,0.516967770099082
14.834686881898516,11.089810702730647,29.279818125594463,23.590944190683935,1.2139733281637095
11.411712534095408,31.639325124406007,23.956061250742245,18.128638991018743,51.63757638962706
6.955701526317473,33.4692330582547,37.496138792520476,25.576491026683875,1.790622609149947
37.83696043000888,11.11590752004795,16.661819117949396,29.82545998543963,0.7092293658848061
32.90620391722997,6.765862395469311,2.446678522392207,29.294342676217255,42.01834172315676
4.032453642220353,24.54116374236264,1.6705078311659838,22.22353472991445,0.24899395526712684
15.603787893618865,29.82807093419478,35.94073886968401,19.912475681452307,9.99224098145757
27.30063739707297,3.3546799726372045,10.684641923589071,8.926825394766947,0.008237241359938417
36.031604341734855,0.9971525381536361,9.38205296232197,8.159108853731297,1.1307029889499094
38.51048057092518,31.086839694402574,15.972686971542815,19.66700641589952,1.4383918606239203
0.30526535524652676,22.94221225113157,10.223506623062772,12.762556305230603,1.8972021576330145
2.2483836219074638,13.334225622727654,22.099893392227273,24.24060850545078,35.45599335448617
1.9128057603293769,17.676993011465605,9.387075101129696,21.300638968900177,0.9100718770019882
38.47498917835026,11.968522116477672,23.650590356198723,8.582992795006842,1.7114701995172896
18.473793423949974,14.104966061930142,17.264552276774072,5.291081113625524,2.0470485138688552
2.5496377201817877,26.41500799072517,16.329243965928484,36.702082076345356,1.6187528699988725
21.645174700358602,35.153880379216396,39.946652092776354,11.97876155561242,0.9941750184510836
23.496536257690725,23.295557795006133,16.47716090555365,20.106174903106822,1.4307404122893217
14.891010818608406,4.423621531967603,39.583978185389206,24.57590185851104,0.7867885092596008
15.672622882437404,12.154533881863593,11.762661504791865,30.07870773732559,0.43682572343733855
1.0705594243759542,0.3346691754534392,33.28053402944483,16.8857456678921,0.619983140438963
14.204775403110922,13.509547610866463,7.412464988288496,20.192164855365156,57.114451644877
37.82623411146268,21.180635002836596,8.101773874311542,33.44909564812729,0.3998380476106007
24.966878703573713,3.298977882845371,28.884627350426864,2.3494834203518966,0.22236396226615887
16.11486933806216,23.25161373773309,11.766128721064648,31.0604006106278,0.5937463076727538
