Requests 150
Pickup_Coordinate_X,Pickup_Coordinate_Y,Dropoff_Coordinate_X,Dropoff_Coordinate_Y,Demand
26.20288208375449,29.05621988462796,26.0758362064176,15.925670746667969,0.024195081876242357
6.981849839318722,0.3419641283228969,12.914064548774714,12.070540801120945,1.7816590596679893
15.680240140577089,14.351753874072074,16.660694214669913,16.30158052627621,36.6126893098496
22.82686726808787,21.37123722246274,18.59046288310319,12.782753114285764,2.1608923873961396
8.672250840542631,29.215657236013385,10.01322136532011,6.5640318245948395,1.3479261409239316
1.974251633616343,29.486116396603013,3.8356713877509554,9.663923796125381,0.671421999174161
2.1282853425059622,6.743098169041363,11.809047448308148,26.884350146419056,1.0578309537190917
10.363848359936012,29.54248311855814,0.8619614688988619,10.550542088103603,0.5320969089499727
11.42876667611559,22.9248039409788,28.164117399323153,9.59069389401083,50.90812550151986
12.974277983712476,8.10437224774396,24.031676589791832,19.14716418369364,0.6430312662762314
2.060704003744717,18.10933429107334,23.8672367528693,0.9602446927739039,1.5010900327352472
13.663434663177991,23.705176240148568,29.65789554341188,17.518936305029,1.99362229814158
1.1673689292696554,13.392687225537077,5.645175458799427,18.81166940565745,53.597900747793766
6.459533984182386,4.5291032297248925,16.084329200387234,3.0116038267364797,0.7992694884536188
21.934752959419882,28.189531183235243,28.299545533896055,11.242155150533286,1.726831770595182
17.872507376220774,19.859481368234032,15.31741365759811,14.126777449315485,1.8502871319900471
0.26616856755452556,2.0368921069610755,13.044486851507664,12.944808926410822,0.9448809925530625
5.576510565593129,15.891159501057137,17.97258758820418,21.627734000627505,1.285249093671722
9.191875699177006,12.131863943242962,24.683472614925794,17.613910537058917,0.8415930018670612
21.195466302163688,15.317467400465473,24.90184982979353,21.620340344394656,0.1630927100258803
25.98785048644942,6.102293164559716,8.956045538508757,14.274120661913217,1.0768259803761018
14.80813493764404,18.230283921533626,24.568067310977586,15.831715152597363,0.5924869258936357
28.17612408071615,21.701502449618214,5.362710470036029,18.59176249787727,1.0212799367970855
16.868501518849005,22.902138439114392,24.199390056396773,8.958756076584,27.282632815953775
4.151541201482708,19.06193742536591,0.24925123297711127,23.657497934936682,1.2925477626011095
15.062321779064654,29.91355984609566,29.521219421204414,6.812358797498261,0.038313104633087486
25.498718705691623,24.38452606914515,7.084031107567488,19.70559882616723,1.370587548671494
29.315130046447777,21.94705544407228,2.868850839026594,15.01818317832948,0.814868878569909
13.87080235614063,0.022316683302185947,29.668168213812667,26.32859823525285,1.86897065510752
6.516334587486429,18.161325039378507,14.158593616077873,10.773267443798407,0.7877831568809294
15.878773569249903,16.944693320512144,25.00647003747571,1.8843996745496683,1.5893245451225748
18.190998694722648,15.108382348220662,4.808960784766643,4.363364356688183,1.5278191436650053
19.135225860647385,26.48718421083896,0.9859743255171416,12.840657044043605,1.1969798129131823
26.336792197844872,14.295212384559987,11.027116126472782,7.219507555772352,1.7874442787143143
1.4469533149088942,5.255003376274497,16.703262979990484,15.90256448918701,1.0034701498112046
16.326646518509985,8.971582458501494,25.96272093643387,25.40839630639809,1.1589833778570517
13.971010998915311,22.540745903574063,23.507120183000346,11.042905455884709,1.4268051471666854
5.319393019020355,7.586115109530958,7.112731786381548,11.75686685548663,1.8407585944452047
0.21619228536420398,8.426725501098282,16.112103508378222,12.691779110339375,1.6029695885411774
15.95478973642124,22.20232079291737,27.936463182748636,9.779911573991177,1.3839309941690214
8.117205660357453,14.286717359140125,18.288486306912905,5.617513026517489,2.063326713291948
0.8398609646868516,6.119806500249343,7.3531368313307786,13.089916871391877,2.0462117974009124
18.927877264144723,9.042708494589357,29.265201397372078,26.13445024101295,1.3367019476834057
18.621960941860582,10.136612227381747,5.091948148899659,19.791904537526694,0.812446227525214
21.46347209337745,1.9830215037681742,23.253486310803076,26.658864333462255,1.2732918917663405
18.966713187085826,21.100575598083285,25.903326691782897,28.46171729659385,2.219907830408977
10.556292657086978,1.7760541441189392,9.328652742811803,5.125529261751503,1.9864430499158772
11.221462199443465,15.119130957981612,23.71475708978798,28.574457003093542,1.1049371648406077
8.694625022998203,28.56042283222915,5.521327950868493,13.201840602002694,27.547893030147073
5.474984382698621,7.819529020355404,0.5162069336881481,7.3883884946466285,1.5555647105173274
11.595356748491847,14.91504154655273,9.106244460771313,0.39123172803235295,0.4629905119060658
26.30550384250553,7.0828519984323615,6.567044266845622,0.12495596353354621,57.53757049152927
7.800928067181582,8.249774969795666,17.202643752061043,15.612197789527082,23.306985802000128
23.976892674509738,23.350335323067135,27.90236206402018,15.771297856935018,0.4504263501693146
28.048717783455615,24.490948835482573,5.674493593638959,20.92485408025547,0.7340008318211633
27.44914805769613,27.09154317922192,25.851031060381104,19.429091877390352,2.004461662135478
28.80127876656953,7.500503057870274,20.92121990477458,3.708954095386111,0.017456865612995327
19.88302551406755,21.289224638068866,20.159531520316513,14.944511578542826,1.2617204079500497
12.342031172322,26.000375837464308,14.09246085512805,9.534652967469993,1.3554841247310083
1.414114429747032,19.773695050524775,22.66703501752261,15.116191489083057,1.8236361680860051
21.88400776850882,19.19066119603941,15.065512054386469,5.6487726157617155,52.657673087080305
10.716349379707763,21.891670724021594,22.516927803860234,1.5938187254722258,1.1976646911206785
12.84407541041382,18.2721122799342,21.96842550787555,11.975028291647842,2.254801474419293
16.332718284233366,11.356333619602685,10.202449902039696,9.786704816484313,1.6924784286764254
24.618788206891935,2.320974068758214,1.0909788003652654,20.552046829692106,0.404573344610737
10.889815523638966,28.211110190563186,5.115539681601118,12.349980976391793,2.2463788007584653
11.957056864987681,15.317203701273307,4.707278407796451,29.47998635339477,0.35474254137864314
18.982577234428845,27.89006584234063,19.19116467290523,19.07694391462679,0.012536781238180604
18.029970823676205,7.386471512207594,8.600404505871154,5.004982463771186,0.950737480466093
21.225594258118484,25.68414654222801,6.583378238008458,1.8624989105946155,20.81771415530616
12.103753539521174,28.97131305533646,4.338832638277857,16.664217423801773,1.834830111379953
23.297827648162702,5.847282633081141,10.462215182185071,6.680203066825019,1.5575114765667373
14.007852494199605,28.054136891468467,18.936575450931198,3.3160353978020405,1.4176103720371722
10.283182555067476,21.1125842228419,29.83585282542234,10.860045115451111,49.71356622411725
15.568656886280698,6.714907802130448,10.42410072852441,3.987572226241541,0.4019982351986445
5.532965357484091,8.967339413752867,1.4574466238408235,8.333963715471103,0.9114867733446833
2.493288487194958,0.8744047829377155,28.938677458018184,9.7919165427448,0.713449812689165
20.655172776599116,8.391460849779072,13.20837962326668,24.57848201259512,2.188218585800075
23.804017928966775,15.780831755840277,10.61494633442492,9.75613538914222,1.1554192114077058
26.492202522591565,3.3586519822843606,11.484375200309389,1.2227930072091042,0.15997104405188348
19.025254700163238,28.265418426556373,17.06701338120994,10.896770938876855,0.13827413883201242
9.387107385985416,21.092277112031702,4.425473319683503,21.6330877638867,0.3555820436717843
4.88856595984222,8.380871046861998,29.165373321895483,9.93492841167953,1.6191007477501924
28.83404074288215,26.976077628273433,5.6669883671805845,1.0547395290587946,1.2617945002137667
11.221804073879971,20.78116382501594,28.51476539382422,10.73555672952274,0.3530321893228506
11.058663377731298,4.15977289229536,22.695377002075826,14.04967682983319,1.2908058254725985
14.447285930298433,5.635634156909937,1.6326650390002029,20.595974017286135,1.609629321863344
14.490677711681446,24.820531655504322,0.8332819945814041,24.978823603954105,1.6763040582186104
25.182564847315472,8.319328660547647,9.912664685558092,21.77697186338595,1.2825873736196047
22.14353318848873,23.83977701094074,2.5194710897992123,13.686518966948723,2.2437251872628354
25.523363688494385,29.676062870005257,21.709017295154837,24.245738761852618,1.5263060980724896
3.3700571820781775,29.39681569058681,9.762684004940919,5.343444674311088,1.6878736454577097
20.10646165032025,0.19785729641474292,12.653315856739932,20.892787588654443,1.600851508609665
0.1364725318167337,9.723005457506991,4.279348473607564,3.5869106268053463,0.05299931506022537
28.179170534195524,2.234298039892293,14.238730969259036,10.09648018028296,1.4833434703858817
27.985503492299987,17.479131672142348,20.391387175872307,13.869879041767572,1.4204110987862038
19.97518724550804,1.9281496570084167,15.748156163522447,26.06701911438079,0.7114814417190203
15.867114791011863,12.043685991549149,2.6989811771196246,19.583294915515005,37.41097142076281
20.526719047021526,20.951675917193413,7.396149929008403,12.233223115391297,1.6613913942242526
14.315398655455269,8.47250391129337,11.754082735442381,1.7224694475711233,2.1306110388728587
14.981389919274541,12.530271615761684,12.073636744074157,5.792967375850759,0.4541382456400395
14.934198121713337,19.440450809754882,18.993381380077924,25.631108524135904,1.0080674404065646
0.5666847851438439,6.034544392168392,17.561344330663665,27.873813361471008,1.055835788285377
26.012222543300577,13.518591966724875,29.703489126996345,4.286739398771411,1.4923122243012517
9.38716407433008,0.027833840202285964,11.080668365333304,6.984817065503962,0.8806761711499876
7.794618435261396,28.919197755051787,10.388731035210235,0.14474221895616313,0.5977372044086287
19.493258830073287,28.24110781524309,15.180129137246542,20.254906512688798,1.3298556548684763
29.366333886508283,12.843818659409507,23.008621543153897,2.1127642400335676,1.4317764157639927
18.46216568494948,11.55798176364774,26.8794843542038,9.290139132216371,2.056967252309781
8.124844992524823,10.891265966768122,0.9322088217910729,10.435952348005127,1.7712867936587002
6.014023130985048,24.47343355417184,3.0335280376659846,0.9448697169481657,1.4991704869416205
15.187893182793209,18.178846468487393,14.446766769894559,4.208042281668889,0.6812902740901465
15.997970462896124,24.159579333784592,25.531754469898647,26.71851454881535,0.6387011815506488
23.630000631843572,28.320656299149597,9.781991146058205,5.265683902042268,1.8999807178982586
21.677573958783285,18.45100625355601,0.5498021406681941,26.424832366652225,0.06508001782747268
21.881019712330346,11.329223483400314,19.331950329671024,13.398285280510128,0.3844328691580565
5.236438842546011,13.069319418448478,12.376598995262777,0.5459018585235842,0.9684451983233353
0.03535393852439506,22.533220169085478,23.100165063333332,20.694447065184633,1.753644966836764
5.592271757908064,20.37399657885626,0.9549745525672004,26.456214880550164,1.7379169639418124
0.7971010396411726,17.762217125443367,1.0806960747125072,18.543555457986148,11.294861347416331
0.6832960978628366,20.061031550173933,17.335156513857942,14.296219359439,51.22512275305427
8.88293895612476,13.780045142596931,24.65391141047683,11.153399783054901,2.0448051921809207
4.625680139832521,20.492528989026077,18.06913797108962,16.400361657629023,42.471417225207844
14.951224725453045,6.0702744285483305,22.820962663533134,19.620564802297622,2.256117799885773
26.177673294050102,18.542339924473634,20.048174585704825,11.233464489779621,1.3626124805511528
10.74505851786069,13.146439665465776,16.02360664804842,29.913097883393355,1.5002015077627608
9.724883768705446,5.411569966348255,4.085896482799515,23.32925835743584,1.7891188241530511
3.477591258674134,2.7865386715720444,29.899510968446418,27.006983894116903,0.5315253214565998
23.721671495159825,7.413986876089524,5.577807430297831,20.33730027764255,0.18299640025775546
1.7288667348893827,14.142075701772049,27.532462079567953,18.729736398470706,1.6772743992862378
10.537745951389564,25.450369901376693,3.097407149934286,19.15470567672558,1.1178285446939156
19.09919000997899,26.64432827987728,26.625900855933914,6.873467831129911,26.154701522699135
12.452169133499437,10.451590474566277,25.03445172648636,14.981355752772856,42.98097542718186
21.4504548008003,3.279773648564057,10.156724560850899,23.11822912513435,0.3877557456571024
0.1323186339774418,9.284443904420435,4.036384600985641,22.509195705573216,0.3790250132346242
1.7706956506984706,4.2325389716499835,15.344280452641309,19.969899429077586,31.307242263805996
7.824108026134452,23.68273252051777,28.112587362864918,23.923863053620423,31.308887938360467
2.7382539430725847,21.38553638991083,10.22977336645435,19.846206993741966,1.128882634589462
15.55196256351638,20.81767360824579,5.850847196130178,23.26626824106225,29.709374165380112
23.451002611885357,26.89953800874556,29.424339573381772,14.7133859073743,0.31180813699047466
13.894832228932453,14.467997305126937,8.401527553696273,18.223053203866925,1.2076260938507373
24.652896672169874,0.26208723060725525,7.361473829173849,18.02079395408531,1.8923119646864275
18.601506758284557,14.168789300375318,15.086314397565292,22.553465495195567,0.9390256386197957
24.725980651992142,9.554394479452274,16.408780347267875,12.897142489613021,64.38943442639912
5.599014383072239,8.563351944489252,29.82534378362339,10.021812023096523,0.4774213675951266
1.574514588111352,16.813003816986118,23.317122996453957,8.14977271413341,67.77625092542416
2.1562984561987806,14.184372339371878,26.135521768374204,22.199705104955065,2.0715388281472857
10.6506966171837,26.7806688196112,22.76428695793577,9.707476263046427,2.263789925259139
27.19207515914183,13.083671419719973,11.014859544101776,9.597746666476446,1.0310371870434627
27.29361870982084,22.6590648531811,23.43250737133897,19.2299046236805,0.28475742430691636
