Requests 20
Pickup_Coordinate_X,Pickup_Coordinate_Y,Dropoff_Coordinate_X,Dropoff_Coordinate_Y,Demand
3.8885120528691006,1.1877061001745615,4.1213926633068425,4.8287459902149985,32.06142137278722
4.863005569524467,2.267246237086561,3.0452123138063896,3.8776325730242336,1.7264886262619754
3.208066723795346,3.6100911475847357,0.17518262050718658,1.492247354445897,0.3989067894939223
0.29256245941037373,4.285304712935995,1.8642701393740375,3.3992397578904847,0.7723920224645345
1.2813997466331506,1.7379060757624598,0.04706385040484706,1.7916689135248487,11.671104046966077
4.745470908391052,1.0894950456584445,1.596956831901823,4.588861930002937,1.5195519377561049
0.15951833219947364,0.32542268521257245,3.149144995539115,4.369067216397694,0.20033553586645197
0.04357866151892431,3.7328861849696877,4.0642058550131175,0.3785872308613336,15.041173703050918
3.282276672984789,2.546311000417591,2.3994169574819155,4.777870724655331,0.6115032582852905
6.0167847425462995e-05,1.2348935049595817,3.5611633895579176,1.6229102489335656,1.2411843469323796
1.3849817819190475,3.477227262767373,4.592758740729744,1.2223785109899516,2.186232636385648
2.2904290863838184,1.264963414107532,1.8966664574153307,3.0226941431585552,0.5303320683948848
3.8618937984027903,0.3395874839720725,3.430425395936567,2.741300486979126,0.5089623083182532
0.6899302637912863,0.4937660960245921,1.2277955266232783,0.758933312922363,0.34843282594090613
4.629972397451089,3.4005250780232106,1.1882946093984166,2.844426262782802,0.1534494884801197
2.783160257172013,0.36368605442173907,4.1985425520803545,2.026597463490657,0.40878022759889504
0.7243549452316256,0.9546002933329684,2.4532006853258044,3.5601218712487666,0.5103125117729679
4.924692288505041,4.373932508675223,2.49520841950447,0.5338999699685443,0.0767753294694014
4.566064034948215,1.824579804431425,1.132939384497142,4.362159311727142,1.5183001835762975
0.6817917587961897,1.1819008007641014,2.976996226761896,2.8196130453935755,0.5130527203852202
