Requests 8
Pickup_Coordinate_X,Pickup_Coordinate_Y,Dropoff_Coordinate_X,Dropoff_Coordinate_Y,Demand
2.9466500268710973,5.305867556052942,1.9152078694749486,0.6790035819129137,0.18691123071233134
7.869854599999133,6.563335217758555,6.375208960436359,5.75602893753034,0.36083635016771526
0.3906291618886648,3.5781360448354893,9.456831868184075,0.6004468031538535,0.2689320412755036
8.64042103546211,8.772905261480302,0.5119366562045369,6.524186154656548,2.0157201255368418
5.517513686348753,5.975132532390511,4.835286243100021,2.829881608569912,0.1543117131584319
2.9772571830177164,5.6150890532636115,3.9604743604702652,7.887007096788996,45.599570440875915
4.184843853458769,1.4390392077532788,1.5090669442067706,0.5524135021582377,1.6879192568543993
7.180371937036457,2.9231735450413856,1.9877387220034304,8.313639223105211,11.07424872975687
