Requests 8
Pickup_Coordinate_X,Pickup_Coordinate_Y,Dropoff_Coordinate_X,Dropoff_Coordinate_Y,Demand
0.9753360174945158,7.612497166748563,2.4693797316632704,1.3813168747631954,1.2571861103049728
3.3144656327093145,0.8299956500689287,6.719770812804667,8.065937981616575,0.39183141939112875
9.82741914544214,6.3566073479685254,2.1592325604718035,5.490274320842796,0.117515727645808
5.455599580092261,2.3407607314700165,1.1372584300707944,4.996592670489547,1.6141220224253
1.5210842242178801,5.3268608055726965,3.87006768446549,6.883273834221644,0.17373799468587692
3.729271564083929,9.461600449633925,7.77357918106707,6.080343030674545,2.2570719465255293
6.15232036586069,6.429876012693234,2.6848350713033464,7.501561486032266,0.4080070822758763
2.8683048942015335,7.093760578262341,0.6478677547176559,6.898584792392358,1.9609093703879548
