Requests 8
Pickup_Coordinate_X,Pickup_Coordinate_Y,Dropoff_Coordinate_X,Dropoff_Coordinate_Y,Demand
2.2329107915353887,5.231633414006761,5.507014565811811,0.45601950132806324,1.5550055076805307
3.6072883534777267,2.230809416912888,6.887261618213564,1.6373142500089921,1.0623512545525118
0.7032486680550032,9.41010860245836,5.636813802348253,0.7799233938998706,1.566224254473409
7.226405111248399,1.5845217352316643,2.5028130674402336,2.934872561021975,0.02605717963559688
6.966107142085949,4.642640880401517,2.1506214371433954,4.468262620796576,1.8526430806756882
1.2087875153895689,9.17687007744725,5.664463287191955,4.720193157419272,1.3120753124548894
3.145664246472115,0.4321572973662613,7.52444916959973,5.4326904387131805,0.527129156554781
7.671904257147006,7.904487662157869,0.7222137937463013,6.597158344078475,0.6162840553653051
