Requests 8
Pickup_Coordinate_X,Pickup_Coordinate_Y,Dropoff_Coordinate_X,Dropoff_Coordinate_Y,Demand
6.503742417395917,5.054533737348429,8.78601470921552,1.8184022537153444,1.8793089421126736
8.52233068674597,7.501362861060107,6.661016674853226,9.878954482759623,0.4351077091971363
2.5696842260383015,0.2830592527249809,6.357191154610017,8.473123874866262,1.4525057108916142
7.361746251160107,0.20807111923490385,1.116031306650328,2.977237418558598,1.29963836333399
6.869701913398437,8.616260560016462,1.9863435918378092,6.571890306104225,1.578190210751136
6.996556289920951,3.5239246875784627,7.899605478253066,8.140479381170485,0.17963580823335415
1.9742128450213303,9.494552941959824,4.766003859854373,6.66600347981564,0.6307264009060705
2.113120372514002,8.075263238494784,3.196861205574325,2.9393597470178845,17.098729932665872
