Requests 8
Pickup_Coordinate_X,Pickup_Coordinate_Y,Dropoff_Coordinate_X,Dropoff_Coordinate_Y,Demand
11.762616021545485,17.95427455818836,17.83061458949416,16.31674954615368,0.15282699395157026
0.7177917123370658,13.835151635177677,7.573618840108162,10.370218908961613,1.0918339803201962
13.15902931117626,3.8770043576589663,5.446328041331679,14.372118672023316,1.1591551975175944
15.660072189180209,17.006552795499907,15.504897879887254,0.7332861284217151,0.7048612186050951
2.333874702657903,15.025613989754019,4.78436432399219,5.096120278842935,1.2654110699990813
17.15251062339525,18.995580522286055,11.233737160223159,3.575610396999531,0.8962941113486301
15.405038662768005,9.84762079229099,12.625061311270906,16.789958458274118,1.3216873498574395
9.220787925848615,9.958801466146102,13.588222351065015,13.015718282466601,1.3577637708665948
