Requests 8
Pickup_Coordinate_X,Pickup_Coordinate_Y,Dropoff_Coordinate_X,Dropoff_Coordinate_Y,Demand
4.1692107471768525,9.633621235267318,8.410760706287494,17.18363997042688,0.4035130912510949
3.423231072233466,6.777279212074008,5.4106566659566235,13.820827008991923,51.23438544543926
4.408090332754513,16.239018410773735,0.21053748632216873,11.224073933259994,0.29131795714903425
16.274523748303928,14.902005921176713,3.78222710521124,0.12281732692196456,1.1708058174184364
15.440877428890724,19.156643361865505,14.038757681886223,5.951565337301011,0.10365170169925447
15.359854839111819,13.764366497852283,7.743669607620445,12.304116501861124,0.21765806451395342
8.551104796886813,11.685792863137898,14.052710377309038,2.237903437673534,1.5545611913743802
18.46539851688901,19.777725477266316,13.5482154697608,15.903295509153057,0.2842203058489317
