Requests 8
Pickup_Coordinate_X,Pickup_Coordinate_Y,Dropoff_Coordinate_X,Dropoff_Coordinate_Y,Demand
10.345957676931786,18.93925207629628,15.309195187938139,5.6479168793422545,1.353792072050812
4.420907265233051,13.724441704749337,3.342784062001125,7.848849329300613,0.1760023882206922
12.361046945056184,8.23860189717492,0.04929762401772342,17.680643647442096,1.0541553455510595
17.69895076752947,6.008193787329619,11.79163730429429,19.568538320296618,1.2439039130511251
16.901876442526223,1.3015087811438697,5.894889294347312,5.758688819344928,1.7561018938019168
16.44932678206866,12.523660759204922,2.2095542782734756,0.01057622338552111,1.2659943440160202
18.843324657109992,2.8300151545037955,8.431930523323194,6.929788802970885,0.5461246158648898
17.395701687943628,8.572036247045727,16.575029686455114,14.357036764520766,0.9006127363437119
