Requests 8
Pickup_Coordinate_X,Pickup_Coordinate_Y,Dropoff_Coordinate_X,Dropoff_Coordinate_Y,Demand
0.9744976161825458,5.782193195796337,14.419326936624596,0.43232499831899585,0.4934999743545688
4.11845530534878,1.015465133907536,6.0454378792923364,13.278205892494,1.6495736999031354
6.162287864737577,11.671825524371975,1.3914190922520109,17.348089679861765,0.6072744964013042
2.6648103850349547,3.562493231189967,9.918590996523115,17.273992891164472,1.4817562861503553
15.178876710242285,19.40970250698315,15.186051055711056,7.6850006418025885,0.9315039853602985
8.174366588874651,14.267208557689575,5.413395453462675,17.08205743982688,1.3628382324174462
18.26327939223611,15.215121393292124,10.333370755161324,3.3567153044301468,34.47981815247196
5.973845832177314,5.678860900612676,6.544251532354619,9.20280667585952,1.9496790995519022
