Requests 8
Pickup_Coordinate_X,Pickup_Coordinate_Y,Dropoff_Coordinate_X,Dropoff_Coordinate_Y,Demand
3.8885120528691006,1.1877061001745615,4.1213926633068425,4.8287459902149985,1.1560251941895863
4.863005569524467,2.267246237086561,3.0452123138063896,3.8776325730242336,2.1691533089935207
3.208066723795346,3.6100911475847357,0.17518262050718658,1.492247354445897,0.5606416512516501
0.29256245941037373,4.285304712935995,1.8642701393740375,3.3992397578904847,0.7368012530158388
1.2813997466331506,1.7379060757624598,0.04706385040484706,1.7916689135248487,1.5786611772963872
4.745470908391052,1.0894950456584445,1.596956831901823,4.588861930002937,18.339387905473902
0.15951833219947364,0.32542268521257245,3.149144995539115,4.369067216397694,0.5742933900048196
0.04357866151892431,3.7328861849696877,4.0642058550131175,0.3785872308613336,1.372303140993984
