Requests 8
Pickup_Coordinate_X,Pickup_Coordinate_Y,Dropoff_Coordinate_X,Dropoff_Coordinate_Y,Demand
0.7708142118983619,3.700248482577024,1.3165750759256734,2.668696966901489,2.220191839367498
0.07287481242709837,4.593735040499425,4.503574270585061,0.16710713813172295,2.1572117010679226
4.784746681375584,0.6860466067803822,1.419141764789729,3.0304159217941447,1.8727710047975359
4.721125680265211,4.263677705546424,0.011296167592567685,2.6061301361014646,1.0244700939263833
2.7601881663228327,2.4268870683135484,3.8406707703221117,0.8035837656278505,2.258963623968528
3.8228022516943936,0.10404898976033083,0.6760508918455843,0.5813650870084491,2.1850949698732203
1.549487922450146,3.357263226060013,2.3561488912500703,4.080841490230134,0.9625990536707671
1.447933917652768,3.665629888063353,3.5131117762762316,1.637847381317115,0.8483515478302878
