Requests 8
Pickup_Coordinate_X,Pickup_Coordinate_Y,Dropoff_Coordinate_X,Dropoff_Coordinate_Y,Demand
2.569716718863451,3.865825260396484,4.352138428624063,0.04023474264908955,0.14153461119249144
1.5486796275260206,4.788018696829455,2.5655835613394355,1.5914221243604931,1.6855007758353444
2.6959996871282406,1.1062747121387995,4.03240678962135,1.7112731280734217,2.2504394074995524
2.694444245335723,0.02936892775529165,3.365762390902627,1.0501213108936907,0.43102429290038186
4.6627879643935595,1.8712237474074604,3.762094610429732,3.8156950092276096,1.62262248278534
4.352497276358751,0.5505558912830083,1.500459901968919,2.3745288297523426,0.11717411756882247
3.364683595832929,1.2879621646030888,3.5057565986224377,3.285000296871312,2.2672864682525065
0.9100387885594713,1.610314964145504,4.4376872846041415,0.4167458052487838,1.0482766281138793
