Requests 8
Pickup_Coordinate_X,Pickup_Coordinate_Y,Dropoff_Coordinate_X,Dropoff_Coordinate_Y,Demand
4.244088486342894,0.8944796246049924,0.27181607153215714,1.8076922304411147,0.8270263772896914
1.37700464303206,2.6500011244771264,1.5295945786795802,1.5223717957707157,1.4589854895066297
0.5587063808779735,1.2494950694005724,4.588149489182812,1.320734266266868,0.9153603252030683
3.5888684373677804,4.328575170950771,4.035397411226879,1.0527529132941398,0.9220502160125558
0.8362151572822274,0.23353195841035845,0.19711155878749054,1.0011540488773645,0.12900682720543014
4.99271701363586,1.863934891639441,3.8025513696447484,2.367372213415806,1.5791886301508196
2.5485765290882734,4.725192085952213,0.5472332417091497,2.325465803824178,1.1338477927850206
0.7077762995040071,2.691743810784628,1.4949932825012273,2.68872609709418,0.06981528814893227
